          1    -1.43003     1.32959
          1    -1.10314  -0.0353828
          1   -0.473616    0.944784
          1  -0.0681551   -0.369162
          1    -0.91935   -0.284402
          1    0.578917     2.06589
          1   -0.147817    -1.36243
          1   -0.128023  -0.0906005
          1    0.402047     1.37839
          1    -1.42731   -0.602905
          1   -0.681814     2.42499
          1    -1.11702    -1.48198
          1   -0.749577    0.657516
          1     1.56305    0.522982
          1     1.72334    -1.40631
          1    -1.05966   -0.731315
          1    -0.10744    0.910411
          1  -0.0968291   0.0675214
          1    0.639092    0.678482
          1   -0.652496   -0.165343
          1     1.49638    0.575403
          1   -0.586271   -0.251976
          1   -0.955929   -0.882032
          1    0.644576   -0.478554
          1    0.713536    0.100961
          1   -0.123342   -0.283391
          1    0.614306    -1.67385
          1     1.45365  -0.0770672
          1      1.2254   -0.517126
          1     1.32355   -0.267402
          1   -0.033452   -0.488817
          1    -0.74406    0.710289
          1  -0.0335891   -0.882832
          1     -1.1901    -0.39722
          1     2.45706    0.459182
          1    -1.41219   -0.401534
          1   -0.864909   0.0425231
          1    0.572113    -1.02835
          1    0.246109    0.586007
          1     1.40631    0.195769
          1   -0.232029   -0.550286
          1    -1.32186   -0.798971
          1    -2.10367    -1.66625
          1    -1.97936    -1.05979
          1    0.817627    -2.14031
          1    0.567267    0.138471
          1   -0.128421    0.623559
          1    -1.14626     1.99054
          1   -0.459013      1.0542
          1     1.65511     1.53185
          1     0.18979    -0.31269
          1   -0.919468    -1.03234
          1   -0.976606   -0.434802
          1  -0.0865041    0.482259
          1    0.193169    -1.00363
          1     2.33258     2.02983
          1    -1.41196    -2.17803
          1     1.15282   0.0503609
          1   -0.768264    0.687378
          1     2.61735    0.760364
          1    0.891603    0.249987
          1    -1.57554     1.63814
          1    -1.00611    0.419117
          1  -0.0777615   0.0861657
          1  -0.0150321     1.10074
          1    0.888289     1.39297
          1    -1.55113  -0.0752963
          1     -1.4012   -0.726631
          1     2.00555    -1.13439
          1   -0.672432    0.585963
          1     -1.1557     0.48372
          1     1.43826    0.786838
          1    -1.62558    0.211972
          1     0.27234    0.727294
          1     1.23025  0.00780435
          1    -1.22708   -0.660694
          1  -0.0406978    -1.38971
          1    0.533202  -0.0929081
          1     1.10302    0.739769
          1   -0.243456  -0.0200204
          1     1.21273 -0.00692325
          1   -0.107894    -0.69845
          1     1.21148   0.0831681
          1    0.309276    -1.17369
          1    -1.27953    -0.80724
          1     0.81358   -0.799668
          1     3.37312     -1.0183
          1    0.567644   -0.953463
          1     0.19531   0.0687562
          1    0.550579   -0.322194
          1   -0.258628     -1.5454
          1    -1.50792    0.691406
          1    0.103191     1.67283
          1     -0.4852   -0.183472
          1     2.47075     2.07429
          1     1.08588    -0.18055
          1   -0.153263    0.295152
          1    -0.59541   -0.224715
          1   -0.346256    -1.84774
          1     1.09729   -0.366307
          1    -1.86095        1.37
          1    0.436788      1.6964
          1     1.35928    0.578751
          1    -1.46138   -0.267746
          1    0.201975   -0.622592
          1    -1.16264   -0.492705
          1     -1.0756    0.281026
          1    0.227806    0.183077
          1   -0.599037     0.07756
          1    -1.60099    0.113129
          1    0.762553    0.183695
          1   -0.226439   -0.169978
          1   0.0565996   -0.594396
          1   -0.256282    0.693856
          1   0.0197594    0.784905
          1   -0.107868    0.638066
          1   -0.396594    -1.15925
          1    -1.35928     1.38724
          1   -0.409813   -0.811126
          1   0.0292961     2.39282
          1   0.0403329    -1.21134
          1     1.67656    -1.83015
          1   -0.490543   -0.648571
          1   -0.502139    -1.44078
          1   -0.798938   -0.368969
          1   -0.155761     1.04944
          1     1.02962   -0.153336
          1   -0.327862    0.182248
          1    0.125487    0.466726
          1   -0.220307    0.345484
          1     1.53646     0.40981
          1    0.269513     1.85063
          1    0.615874    0.792143
          1    -0.96988    0.855887
          1    0.469398    0.392886
          1     2.44078    0.029727
          1    -1.25942     1.65881
          1      1.6659  -0.0161697
          1    0.354218    0.197678
          1   -0.397033    0.332124
          1     1.79549 -0.00575968
          1     1.47446   -0.111463
          1    0.186814   -0.788631
          1    0.807815   -0.409035
          1     -0.3769    0.486423
          1   -0.200921  -0.0133619
          1    0.392764    -1.06354
          1    0.119535    0.612863
          1    -1.15585     -1.5512
          1   -0.426673    -1.27363
          1     1.13383   -0.383307
          1   -0.223168    -1.44595
          1    0.535222    -2.07731
          1   -0.213464   -0.459156
          1     1.13361   -0.542774
          1    0.488173    -0.28195
          1   -0.712204   -0.466143
          1   -0.814096    0.571373
          1     -1.2168   -0.443283
          1  -0.0921531   0.0465613
          1    -0.50988   -0.206217
          1   -0.885611    0.795748
          1    -0.29627     1.06857
          1   -0.302978    0.741906
          1     1.97283    0.747919
          1    -1.28982     1.77928
          1    0.147202    0.210207
          1    0.983162    -1.65079
          1    0.330526     2.44599
          1     0.83109    0.856961
          1   -0.442604    0.769574
          1     1.68331  -0.0331934
          1    -0.41979    -2.21796
          1    0.108348   -0.322377
          1    -0.20812     1.03365
          1    -1.80629    -1.23636
          1     1.50423     1.25831
          1    0.696056   -0.945833
          1   0.0802868   -0.403815
          1    0.335308   -0.437979
          1   -0.603921    -1.15427
          1     1.10708    0.140723
          1    0.455858   -0.547808
          1    0.912554    0.156402
          1    -1.55083    -1.69242
          1     2.13688   0.0855053
          1    0.798648   -0.966894
          1   -0.690369    -1.34185
          1     0.16746   -0.621015
          1   -0.462422   -0.769402
          1   -0.287358     1.45583
          1   -0.853251    -1.05787
          1     1.10934   0.0682835
          1  -0.0113728    -2.46554
          1   -0.117365     -1.0383
          1   -0.495573     1.25204
          1     1.46687     1.29083
          1    0.159724    -1.03375
          1    -1.80323     1.08543
          1     1.20259    -1.18526
          1    0.728674    0.463107
          1    0.119455   -0.624843
          1    0.706864    0.850751
          1   -0.251378      1.9964
          1   -0.491464   -0.772454
          1    -1.42751   -0.253856
          1      1.1908   -0.471321
          1   -0.565901     1.03402
          1    0.103778    -2.05459
          1   -0.407583    0.879981
          1  -0.0400371     0.24317
          1    -0.93399    0.745889
          1   -0.211685    0.518569
          1     0.11139    0.551769
          1     1.22124   -0.134693
          1    -1.47725   -0.348132
          1    -1.01889   -0.412384
          1    -1.06631  -0.0354145
          1  -0.0462915    0.796802
          1     0.63846     1.61784
          1    0.258157   -0.839117
          1     1.68335    -1.01014
          1    -2.52519    -1.23631
          1   0.0304693  -0.0488662
          1   -0.690171    0.353929
          1    0.393446    0.284985
          1   -0.216064    -2.07537
          1     0.14008    0.866145
          1      1.5013     -0.4766
          1    -1.10879  -0.0188413
          1  -0.0529892    0.276133
          1    -1.19971    0.437753
          1   -0.610329   -0.321544
          1     1.05848    0.776156
          1    0.645693    -1.10219
          1   -0.462587    -0.46292
          1     0.81824    0.558931
          1   -0.794069    -1.13273
          1    0.169844    0.573733
          1    -2.01377   -0.938212
          1     1.10596    -0.80501
          1   -0.714908    -1.77815
          1  -0.0336275    0.176223
          1     0.87183   -0.435926
          1    0.671189     1.09483
          1  -0.0379006    -1.46645
          1    -3.04017   -0.459359
          1   -0.201462   -0.342717
          1    0.269364    -1.85259
          1    0.136895   -0.894241
          1   -0.237291    -0.60787
          1    0.717448    -1.88854
          1    -0.85577    -0.61654
          1     0.89398    0.327946
          1    0.299058    -1.69557
          1    -2.60989   -0.149662
          1   -0.632569    -1.22939
          1    -1.01604  0.00473884
          1     1.67933   -0.492389
          1    0.123563    0.221477
          1    -2.25954   -0.912907
          1    0.170736   -0.954892
          1   -0.946626    0.638016
          1    0.206738   -0.343525
          1    -1.38561   -0.750304
          1    0.325175    0.126991
          1   -0.233114    -0.36218
          1     1.03571   -0.141847
          1    0.568511   -0.204816
          1    0.521422    0.462319
          1    -0.23411   0.0297342
          1   -0.648864    -1.21474
          1   -0.156156      2.3776
          1    -1.37641    -1.73047
          1   -0.141495     1.47165
          1    0.522225     1.38101
          1   -0.723143  -0.0353133
          1   -0.599851    0.323323
          1     0.91189   -0.619872
          1     1.40008    0.501437
          1      1.1934     1.69021
          1  -0.0507624    -1.61011
          1     0.77673     1.29397
          1     1.03319   -0.989219
          1    -1.09221   -0.928142
          1   -0.507295     1.68725
          1    -1.12513   -0.166407
          1    0.494878    0.666021
          1     0.85128   -0.457855
          1    -1.41609     1.30041
          1    0.737966  -0.0869586
          1   -0.555133    0.279319
          1    0.193678    0.846393
          1     0.86174    0.286121
          1    0.739009    0.971498
          1    0.115787    0.389921
          1   0.0131809     -1.4823
          1  -0.0506168     1.56608
          1    -1.08763    0.867117
          1    -1.29839    0.138637
          1     1.16582  0.00414752
          1    0.410219     1.98626
          1    -1.00176   -0.618505
          1    -1.43354    0.188914
          1    0.320035    -1.07819
          1   -0.225275  0.00120138
          1      1.1831    0.183008
          1   -0.716541    0.116189
          1     1.07452    0.878775
          1     1.46923    0.966756
          1     1.01345    -1.40139
          1    0.663105     0.40745
          1    0.860147     1.21665
          1   -0.653832    -1.10922
          1     1.48141   -0.976966
          1    -1.50053    -1.19221
          1    0.144294     1.55969
          1    -1.10951    0.361189
          1   -0.696921    -2.01083
          1     1.07535    0.360554
          1   -0.272414     1.57254
          1     -1.5167      2.3379
          1   -0.196562    -1.02242
          1   -0.580433    -1.16342
          1   -0.797995   -0.391112
          1   -0.686513   0.0181814
          1   -0.114203   -0.643545
          1   -0.417942    0.821483
          1    -1.34666    -2.02825
          1    0.917414    -1.13404
          1  -0.0100978   -0.868041
          1    -1.02838   -0.895365
          1    -1.56106    -1.22722
          1    -1.40318    -0.33642
          1    -0.53233    0.795427
          1    0.955959    0.859971
          1 -0.00776482    0.366657
          1   -0.512833   -0.400845
          1     1.99233      1.0302
          1    0.142616     1.62865
          1    0.125982   -0.250527
          1  -0.0324025  -0.0418615
          1   0.0166133   -0.210452
          1   -0.766932     0.64399
          1    0.779051    -1.29641
          1    -1.00902    -0.94806
          1    -1.01822   -0.667817
          1    0.412494   -0.374099
          1    0.664976    0.205982
          1    0.286825    0.256733
          1     1.42018   -0.181865
          1    -1.12341    -2.93511
          1   -0.468569    -1.09354
          1     1.76054   -0.794481
          1    0.529174   -0.500601
          1    -1.03417   -0.483106
          1    0.349823    0.155681
          1     0.49141   -0.112197
          1    -2.05666   -0.607148
          1   -0.200493   -0.730489
          1    0.306646      1.1457
          1   -0.132502     1.43035
          1     1.65152    0.198717
          1    -1.25265     1.70865
          1   -0.223762   -0.484556
          1    -1.53517   -0.719098
          1    0.714412    0.985933
          1    -1.53586  -0.0259067
          1     1.16967    -1.98031
          1   -0.178955    0.439427
          1     0.70097    -1.87305
          1    0.140119   -0.278161
          1    0.347195     -1.1923
          1   -0.572311    -2.12901
          1    0.910303    0.413304
          1    -1.08041    -1.02851
          1      1.1158    -1.26247
          1    -0.78772   -0.105095
          1     2.22286     2.10156
          1    0.706111   -0.370252
          1   -0.556241   -0.205955
          1     1.63463     -1.3513
          1    -1.66662    -1.48788
          1    0.412189   -0.803014
          1     1.39878    0.252639
          1   -0.390191    0.959118
          1     3.69108     1.72328
          1  0.00462029    0.837185
          1     2.88174    0.178882
          1   -0.957015     0.60392
          1    0.475316    -1.27841
          1    -1.71906   -0.189531
          1    0.215043   -0.164366
          1  -0.0191925  -0.0771746
          1    -1.10953    0.365572
          1   -0.492333    0.593796
          1   0.0273394   -0.747911
          1    -1.59743   -0.775954
          1     -1.2789    -2.62084
          1   -0.426772    -1.39306
          1   -0.179473    -1.29239
          1   -0.386845  -0.0168047
          1     1.22133    -2.10562
          1     0.87374    0.628028
          1    0.692603     2.17212
          1     -1.3761    0.119518
          1    0.603481   -0.838428
          1    -0.96522     1.10196
          1    0.984199      0.7667
          1    0.544891   -0.907101
          1    -1.54641   -0.572705
          1    0.365538   0.0620027
          1    -0.49474     3.01951
          1    -1.03131    -0.64005
          1   -0.198891   -0.892402
          1   -0.154866   -0.280321
          1    0.538745   -0.249524
          1   -0.470577     1.36911
          1   -0.558174    -1.50582
          1   -0.464695   -0.688607
          1   -0.372987   0.0683826
          1    0.583653    0.421944
          1     -0.6214   0.0505655
          1   -0.112185     -1.0345
          1   -0.521805    0.801052
          1  -0.0742446   -0.111073
          1    0.762731   0.0942314
          1    0.947654   -0.362542
          1   -0.448765   -0.099172
          1   -0.529367     -1.3844
          1   -0.160734   -0.852458
          1    0.834127   0.0454454
          1    0.801464    0.599677
          1     1.35212     1.04125
          1     0.97503 -0.00114017
          1   0.0622102   0.0561055
          1   -0.558193    0.849593
          1    0.937238   -0.657293
          1   -0.384416    0.382238
          1    -1.79781    -1.96617
          1    0.721922     1.71676
          1    0.522684  -0.0181858
          1    0.712678   -0.521474
          1    0.323088     1.19943
          1   -0.622299   -0.356652
          1     1.43216     2.56866
          1   -0.355147   -0.672999
          1    0.400106   -0.555296
          1   -0.142643   -0.350075
          1  -0.0466984     1.00201
          1    -0.25742    -1.28352
          1     0.65526   -0.424386
          1    0.856058     2.32223
          1   -0.377927   -0.519489
          1   -0.476012    -1.18071
          1    0.591877   -0.982733
          1    0.434978     1.58923
          1    -2.06234    0.379553
          1    -1.02676    0.638845
          1    0.855583   0.0964717
          1    -2.11194   -0.794009
          1    -1.17191    0.872742
          1   -0.245875  -0.0540145
          1     1.33841    -1.35473
          1    -0.11456     1.96109
          1   -0.283789   -0.817833
          1    0.255112    0.405707
          1    -1.14099   -0.307675
          1    -1.05499    0.750529
          1   -0.761687    0.212273
          1   -0.371813    0.528131
          1     1.71362    -1.64629
          1    -1.87326   -0.115506
          1    -1.13601     2.26737
          1   -0.858968   -0.627167
          1   -0.133492     1.79245
          1     -0.6539     2.41777
          1    0.185868   0.0780315
          1   -0.280507   -0.655303
          1    -1.36952    -1.85032
          1    0.634568      1.2815
          1     1.23955     -1.4986
          1   -0.836932    0.721944
          1    0.557433     1.00599
          1   -0.585191    -1.02319
          1    -0.89424   0.0707312
          1   -0.569814    -0.40197
          1     1.30191    0.259393
          1   -0.640875     1.04093
          1    -0.21652   0.0497291
          1    -1.98365    -1.68836
          1     0.14769   -0.377077
          1   -0.514022    0.396789
          1    0.848051  -0.0435667
          1    0.303013    -1.02367
          1    -1.70129   -0.137402
          1     -1.6191    -1.13867
          1    0.613081     1.21904
          1     0.95029     1.31538
          1   -0.999163    0.393228